x = 0:100
# UB50
F300p10Dry_UBF50 <- 4.1941125 + 0.940722926*x
F300p10Wet_UBF50 <- 4.167445 + 0.930211243*x


F319p10Dry_UBF50 <- 25.605925 + 1.034157911*x
F319p10Wet_UBF50 <- 26.15097667 + 0.903019532*x


F57Cp10Dry_UBF50 <- 8.846525 + 0.892765208*x
F57Cp10Wet_UBF50 <-7.166420833 + 0.874890528*x



LA13p10Dry_UBF50 <- 5.883629167 + 0.905915298*x
LA13p10Wet_UBF50 <-5.1134525 + 0.932263661*x


LA11p10Dry_UBF50<- 7.2325 + 0.90223211*x
LA11p10Wet_UBF50<-6.434245833 + 0.897710758*x



F34Dp10Dry_UBF50<-27.726725 + 0.9864586*x
F34Dp10Wet_UBF50<-25.23959167 + 0.9018672*x



LA14p10Dry_UBF50<-4.9495625 + 0.9201991*x
LA14p10Wet_UBF50<-4.453468333 + 0.933078215*x



GLENp10Dry_UBF50<-5.883995833 + 0.894910095*x
GLENp10Wet_UBF50<-4.958306667 + 0.897509193*x



LA8p10Dry_UBF50<-16.7204625 + 0.932926876*x
LA8p10Wet_UBF50<-14.7007375 + 0.873011702*x


LA3p10Dry_UBF50<-25.05909583 + 1.040012596*x
LA3p10Wet_UBF50<-25.95855583 + 0.898929986*x



#p50
F300p50Dry_UBF50 <- 5.847429167 + 0.987978956*x
F300p50Wet_UBF50 <- 9.032590833 + 0.960537834*x



F319p50Dry_UBF50 <- 31.61250833 + 0.978671712*x
F319p50Wet_UBF50 <- 33.0952125 + 0.954534473*x



F57Cp50Dry_UBF50 <-  10.62919167 + 0.979966816*x
F57Cp50Wet_UBF50 <-15.12298333 + 0.957124501*x


LA13p50Dry_UBF50 <-7.3975 + 0.944951348*x
LA13p50Wet_UBF50 <-11.91698917 + 0.98545207*x


LA11p50Dry_UBF50<-9.043575 + 0.989164012*x
LA11p50Wet_UBF50<-13.37696167 + 	0.955005103*x




F34Dp50Dry_UBF50<-30.4305125 + 0.977739388*x
F34Dp50Wet_UBF50<-28.1172725 + 0.951978963*x


LA14p50Dry_UBF50<-7.4905875 + 0.954723378*x
LA14p50Wet_UBF50<-10.76044583 + 0.986910146*x


GLENp50Dry_UBF50<-7.752445833 + 0.979440158*x
GLENp50Wet_UBF50<-11.89263083 + 0.957270057*x




LA8p50Dry_UBF50<-17.98511667 + 0.973742137*x
LA8p50Wet_UBF50<-19.79871333 + 0.943139384*x




LA3p50Dry_UBF50<-31.400025 + 0.968148662*x
LA3p50Wet_UBF50<-32.39902333 + 0.957037411*x


#p90
F300p90Dry_UBF50 <- 7.900733333 + 1.032117102*x
F300p90Wet_UBF50 <- 10.91708417 + 1.010488686*x



F319p90Dry_UBF50 <- 39.77437917 + 0.971295609*x
F319p90Wet_UBF50 <- 43.57289917 + 0.99074185*x



F57Cp90Dry_UBF50 <- 12.84465833 + 1.05604893*x
F57Cp90Wet_UBF50 <-19.011625 + 0.986937155*x



LA13p90Dry_UBF50 <-9.854983333 + 1.035549228*x
LA13p90Wet_UBF50 <-16.0536325 + 0.971300463*x



LA11p90Dry_UBF50<-11.226575 + 1.065409896*x
LA11p90Wet_UBF50<-17.2935775 + 0.98712005*x



F34Dp90Dry_UBF50<-39.109675 + 0.947041876*x
F34Dp90Wet_UBF50<-35.97015417 + 1.000752292*x



LA14p90Dry_UBF50<-9.186495833 + 1.050201659*x
LA14p90Wet_UBF50<-14.34901 + 0.965180208*x



GLENp90Dry_UBF50<-9.889066667	 + 1.053906043*x
GLENp90Wet_UBF50<-15.78162833 + 0.987411229*x



LA8p90Dry_UBF50<-20.37110417 + 1.007086011*x
LA8p90Wet_UBF50<-25.3409675 + 0.993837366*x




LA3p90Dry_UBF50<-39.556075 + 0.964219439*x
LA3p90Wet_UBF50<-40.58397417 + 0.997026821*x