x = 0:100
# UBF100
F300p10Dry_UBF100 <- 7.26355 + 0.966680673*x
F300p10Wet_UBF100 <- 7.027331667 + 0.980941825*x


F319p10Dry_UBF100 <- 47.57773333 + 1.041709256*x
F319p10Wet_UBF100 <- 47.9661075 + 0.937117617*x


F57Cp10Dry_UBF100 <- 14.54218333 + 0.89005516*x
F57Cp10Wet_UBF100 <-10.978185 + 0.881417614*x


LA13p10Dry_UBF100 <-9.948929167 + 0.947863587*x
LA13p10Wet_UBF100 <-9.995950833 + 0.912267194*x



LA11p10Dry_UBF100<- 11.52630833 + 0.930843111*x
LA11p10Wet_UBF100<- 11.55949583 + 0.860520285*x


F34Dp10Dry_UBF100<-45.98494583 + 1.047101796*x
F34Dp10Wet_UBF100<-45.0118375 + 0.958747196*x


LA14p10Dry_UBF100<-9.44955 + 0.933086395*x
LA14p10Wet_UBF100<-8.310695 + 0.960058025*x


GLENp10Dry_UBF100<-10.1340875 + 0.926710396*x
GLENp10Wet_UBF100<-10.09376 + 0.860937216*x


LA8p10Dry_UBF100<-30.05895 + 0.94919033*x
LA8p10Wet_UBF100<-25.76847417 + 0.892690507*x


LA3p10Dry_UBF100<-46.79517917 + 1.042687165*x
LA3p10Wet_UBF100<-47.49228083 + 0.937927289*x


F300p50Dry_UBF100 <- 11.29384583 + 0.986576818*x
F300p50Wet_UBF100 <- 18.63536 + 0.93100753*x


F319p50Dry_UBF100 <- 60.73215 + 0.944207167*x
F319p50Wet_UBF100 <- 59.81131417 + 0.96643891*x


F57Cp50Dry_UBF100 <-  17.97090833 + 0.989640902*x
F57Cp50Wet_UBF100 <-23.96259083 + 0.948853009*x


LA13p50Dry_UBF100 <-13.96735 + 0.9415842335*x
LA13p50Wet_UBF100 <-20.3473675 + 1.044951905*x


LA11p50Dry_UBF100<-15.44792917 + 0.973963833*x
LA11p50Wet_UBF100<-22.2417125 + 0.949244137*x


F34Dp50Dry_UBF100<-57.66604167 + 0.985349199*x
F34Dp50Wet_UBF100<-52.49624917 + 0.908705231*x


LA14p50Dry_UBF100<-13.252875 + 0.939838355*x
LA14p50Wet_UBF100<-18.47411667 + 1.021539367*x


GLENp50Dry_UBF100<-13.93183333 + 0.967488459*x
GLENp50Wet_UBF100<-20.7794625 + 0.946941777*x


LA8p50Dry_UBF100<-31.1370875 +1.019089346*x
LA8p50Wet_UBF100<-35.18869333 + 0.943473969*x


LA3p50Dry_UBF100<-59.96059167 + 	0.956985728*x
LA3p50Wet_UBF100<-58.46104083 + 0.973711737*x



F300p90Dry_UBF100 <- 14.53570417 + 1.040540404*x
F300p90Wet_UBF100 <- 19.86147583 + 1.011108219*x


F319p90Dry_UBF100 <- 76.10081667 + 0.966097251*x
F319p90Wet_UBF100 <- 81.28570917 + 1.011980674*x



F57Cp90Dry_UBF100 <- 22.19665 + 1.037912797*x
F57Cp90Wet_UBF100 <-32.91256333 + 0.985874856*x



LA13p90Dry_UBF100 <-18.70959583 + 1.037973193*x
LA13p90Wet_UBF100 <-29.68133667 + 0.951862105*x



LA11p90Dry_UBF100<-20.4734875 + 1.049714502*x
LA11p90Wet_UBF100<-31.13563917 + 0.987035771*x



F34Dp90Dry_UBF100<-75.2061 + 0.928237635*x
F34Dp90Wet_UBF100<-67.28356583 + 1.014211293*x



LA14p90Dry_UBF100<-17.64607083 + 1.060362403*x
LA14p90Wet_UBF100<-26.46640083 + 0.964623357*x


GLENp90Dry_UBF100<-18.66069167	 + 1.047499443*x
GLENp90Wet_UBF100<-29.6912475 + 0.986631974*x



LA8p90Dry_UBF100<-37.59924167 + 0.952874618*x
LA8p90Wet_UBF100<-44.840014173 + 0.992434213*x



LA3p90Dry_UBF100<-75.7452 + 0.952707456*x
LA3p90Wet_UBF100<-76.851375 + 1.007554206*x
